269473
278344
226816
164596
249483
236321
279359
177870
257794
216279
247934
261813
285119
221142
235199
269744
175689
194583
167562
212862
264154
217845
303057
186507
213497
245170
241911
259470
219164
207986
218596
303260
239663
205273
205920
232310
248326
208317
257748
190126
237480
351356
224685
249599
350262
351762
349752
347044
394606
329004
336878
349169
324942
356009
323201
317325
330967
314939
347318
330663
333463
347120
321599
306073
319121
328991
331520
342490
316781
331230
318137
352895
341903
367059
317772
344916
318005
333757
330504
320074
332161
324119
314829
325214
326154
333808
307610
314342
